40	0.32	3	7	1.204	10	-0.7375	0.05384	-11.75
40	0.64	3	7	1.204	10	-0.7689	0.05201	-11.5
40	0.96	3	7	1.204	10	-0.7971	0.05069	-11.25
40	1.28	3	7	1.204	10	-0.8277	0.04848	-11
40	1.6	3	7	1.204	10	-0.8374	0.0442	-10.75
40	1.92	3	7	1.204	10	-0.8169	0.04161	-10.5
40	2.24	3	7	1.204	10	-0.7937	0.03954	-10.25
40	2.56	3	7	1.204	10	-0.7731	0.03727	-10
40	2.88	3	7	1.204	10	-0.7534	0.03485	-9.75
40	3.2	3	7	1.204	10	-0.7325	0.03256	-9.5
40	3.52	3	7	1.204	10	-0.7092	0.03086	-9.25
40	3.84	3	7	1.204	10	-0.6756	0.0298	-9
40	4.16	3	7	1.204	10	-0.654	0.02864	-8.75
40	4.48	3	7	1.204	10	-0.6244	0.02743	-8.5
40	4.8	3	7	1.204	10	-0.5888	0.02639	-8.25
40	5.12	3	7	1.204	10	-0.569	0.02541	-8
40	5.44	3	7	1.204	10	-0.5366	0.02469	-7.75
40	5.76	3	7	1.204	10	-0.4995	0.02383	-7.5
40	6.08	3	7	1.204	10	-0.4791	0.02317	-7.25
40	6.4	3	7	1.204	10	-0.4464	0.02256	-7
40	6.72	3	7	1.204	10	-0.4082	0.02189	-6.75
40	7.04	3	7	1.204	10	-0.384	0.02138	-6.5
40	7.36	3	7	1.204	10	-0.3535	0.02083	-6.25
40	7.68	3	7	1.204	10	-0.3151	0.02029	-6
40	8	3	7	1.204	10	-0.2735	0.01984	-5.75
40	8.32	3	7	1.204	10	-0.255	0.01944	-5.5
40	8.64	3	7	1.204	10	-0.2176	0.01887	-5.25
40	8.96	3	7	1.204	10	-0.1751	0.0184	-5
40	9.28	3	7	1.204	10	-0.1301	0.01774	-4.75
40	9.6	3	7	1.204	10	-0.1107	0.01743	-4.5
40	9.92	3	7	1.204	10	-0.0706	0.017	-4.25
40	10.24	3	7	1.204	10	-0.0277	0.01635	-4
40	10.56	3	7	1.204	10	-0.0012	0.01596	-3.75
40	10.88	3	7	1.204	10	0.0329	0.01553	-3.5
40	11.2	3	7	1.204	10	0.0755	0.01501	-3.25
40	11.52	3	7	1.204	10	0.0966	0.01478	-3
40	11.84	3	7	1.204	10	0.1345	0.01434	-2.75
40	12.16	3	7	1.204	10	0.1588	0.01408	-2.5
40	12.48	3	7	1.204	10	0.1923	0.01368	-2.25
40	12.8	3	7	1.204	10	0.2159	0.01343	-2
40	13.12	3	7	1.204	10	0.248	0.01309	-1.75
40	13.44	3	7	1.204	10	0.2686	0.01284	-1.5
40	13.76	3	7	1.204	10	0.2987	0.01244	-1.25
40	14.08	3	7	1.204	10	0.3138	0.01214	-1
40	14.4	3	7	1.204	10	0.3355	0.01175	-0.75
40	14.72	3	7	1.204	10	0.3572	0.01144	-0.5
40	15.04	3	7	1.204	10	0.415	0.0113	-0.25
40	15.36	3	7	1.204	10	0.4946	0.01141	0
40	15.68	3	7	1.204	10	0.5482	0.01162	0.25
40	16	3	7	1.204	10	0.5978	0.01182	0.5
40	16.32	3	7	1.204	10	0.6477	0.012	0.75
40	16.64	3	7	1.204	10	0.7041	0.01211	1
40	16.96	3	7	1.204	10	0.7431	0.01215	1.25
40	17.28	3	7	1.204	10	0.7571	0.01222	1.5
40	17.6	3	7	1.204	10	0.7759	0.01232	1.75
40	17.92	3	7	1.204	10	0.7938	0.01242	2
40	18.24	3	7	1.204	10	0.812	0.01256	2.25
40	18.56	3	7	1.204	10	0.8324	0.0127	2.5
40	18.88	3	7	1.204	10	0.8501	0.01287	2.75
40	19.2	3	7	1.204	10	0.8721	0.01303	3
40	19.52	3	7	1.204	10	0.8891	0.01321	3.25
40	19.84	3	7	1.204	10	0.912	0.0134	3.5
40	20.16	3	7	1.204	10	0.9285	0.01359	3.75
40	20.48	3	7	1.204	10	0.952	0.0138	4
40	20.8	3	7	1.204	10	0.9683	0.014	4.25
40	21.12	3	7	1.204	10	0.9915	0.01421	4.5
40	21.44	3	7	1.204	10	1.0062	0.01439	4.75
40	21.76	3	7	1.204	10	1.0274	0.01461	5
40	22.08	3	7	1.204	10	1.0425	0.01479	5.25
40	22.4	3	7	1.204	10	1.0635	0.01503	5.5
40	22.72	3	7	1.204	10	1.0794	0.01523	5.75
40	23.04	3	7	1.204	10	1.0997	0.01548	6
40	23.36	3	7	1.204	10	1.1153	0.0157	6.25
40	23.68	3	7	1.204	10	1.1343	0.01596	6.5
40	24	3	7	1.204	10	1.1495	0.01618	6.75
40	24.32	3	7	1.204	10	1.1671	0.01645	7
40	24.64	3	7	1.204	10	1.1814	0.01668	7.25
40	24.96	3	7	1.204	10	1.1962	0.01696	7.5
40	25.28	3	7	1.204	10	1.2108	0.01723	7.75
40	25.6	3	7	1.204	10	1.2209	0.01751	8
40	25.92	3	7	1.204	10	1.2351	0.01782	8.25
40	26.24	3	7	1.204	10	1.2409	0.01809	8.5
40	26.56	3	7	1.204	10	1.2523	0.01844	8.75
40	26.88	3	7	1.204	10	1.2622	0.01881	9
40	27.2	3	7	1.204	10	1.2709	0.01922	9.25
40	27.52	3	7	1.204	10	1.2802	0.01969	9.5
40	27.84	3	7	1.204	10	1.2893	0.02023	9.75
40	28.16	3	7	1.204	10	1.2965	0.0208	10
40	28.48	3	7	1.204	10	1.3029	0.02147	10.25
40	28.8	3	7	1.204	10	1.3091	0.02222	10.5
40	29.12	3	7	1.204	10	1.314	0.02308	10.75
40	29.44	3	7	1.204	10	1.3186	0.02405	11
40	29.76	3	7	1.204	10	1.3239	0.02507	11.25
40	30.08	3	7	1.204	10	1.3299	0.02613	11.5
40	30.4	3	7	1.204	10	1.3354	0.02729	11.75
40	30.72	3	7	1.204	10	1.3393	0.0286	12
40	31.04	3	7	1.204	10	1.3456	0.02983	12.25
40	31.36	3	7	1.204	10	1.35	0.03124	12.5
40	31.68	3	7	1.204	10	1.3557	0.03261	12.75
40	32	3	7	1.204	10	1.3601	0.03413	13
40	32.32	3	7	1.204	10	1.3648	0.03567	13.25
40	32.64	3	7	1.204	10	1.3688	0.03732	13.5
40	32.96	3	7	1.204	10	1.3728	0.03903	13.75
40	33.28	3	7	1.204	10	1.3757	0.04086	14
40	33.6	3	7	1.204	10	1.3789	0.04277	14.25
40	33.92	3	7	1.204	10	1.3802	0.04483	14.5
40	34.24	3	7	1.204	10	1.3824	0.04698	14.75
40	34.56	3	7	1.204	10	1.382	0.04935	15
40	34.88	3	7	1.204	10	1.3824	0.05178	15.25
40	35.2	3	7	1.204	10	1.3808	0.05445	15.5
40	35.52	3	7	1.204	10	1.3796	0.05717	15.75
40	35.84	3	7	1.204	10	1.3767	0.06013	16
40	36.16	3	7	1.204	10	1.3738	0.06315	16.25
40	36.48	3	7	1.204	10	1.3703	0.06636	16.5
40	36.8	3	7	1.204	10	1.3678	0.0694	16.75
40	37.12	3	7	1.204	10	1.364	0.07279	17
40	37.44	3	7	1.204	10	1.3615	0.07584	17.25
40	37.76	3	7	1.204	10	1.3587	0.07925	17.5
40	38.08	3	7	1.204	10	1.3568	0.08245	17.75
40	38.4	3	7	1.204	10	1.3575	0.08511	18
40	38.72	3	7	1.204	10	1.3555	0.08846	18.25
40	39.04	3	7	1.204	10	1.3549	0.09156	18.5
40	39.36	3	7	1.204	10	1.3582	0.09387	18.75
40	39.68	3	7	1.204	10	1.3572	0.09707	19
40	40	3	7	1.204	10	1.3551	0.1005	19.25
